00000000 00000000
00000004 00000000
00000008 00000000
0000000c 00000000
00000010 00000000
00000014 00000000
00000018 8c088000
0000001c 00000000
00000020 00000000
00000024 00000000
00000028 00000000
0000002c 00084820
00000030 00000000
00000034 00000000
00000038 00000000
0000003c 00000000
00000040 ac098004
00000044 00000000
00000048 00000000
0000004c 00000000
00000050 00000000
00000054 8c0a8004
00000058 8c0b8008
0000005c 00000000
00000060 00000000
00000064 00000000
00000068 00000000
0000006c 014b6022
00000070 01406840
00000074 01407042
00000078 00000000
0000007c 00000000
00000080 00000000
00000084 00000000
00000088 08000040
0000008c 340f0200
00000100 00000000
00000104 00000000
00000108 00000000
0000010c 00000000
00000110 01e00008
00000200 00000000
00000204 000f802a
00000208 00000000
0000020c 00000000
00000210 00000000
00000214 00108827
00000218 00000000
0000021c 00000000
00000220 00000000
00000224 00000000
00000228 0c0000c0
0000022c 00000000
00000300 00000000
00000304 00000000
00000308 00000000
0000030c 0c000100
00000310 00000000
00000314 00000000
00000318 10110010
0000031c 00000000
00000320 1000000c
00000334 00000000
00000338 34080001
0000033c 00000000
00000340 00000000
00000344 00000000
00000348 00000000
0000034c 01084820
00000350 00000000
00000354 00000000
00000358 00000000
0000035c 00000000
00000360 ac09800c
00000364 00000000
00000368 00000000
0000036c 00000000
00000370 00000000
00000374 08000140
00000378 00000000
00000400 00000000
00000404 00000000
00000408 00000000
0000040c 03e00008
00000410 00000000
00000500 00000000
00000504 34080001
00000508 00000000
0000050c 00000000
00000510 00000000
00000514 34090002
00000518 00000000
0000051c 00000000
00000520 00000000
00000524 01095020
00000528 00000000
0000052c 00000000
00000530 00000000
00000534 00000000
00000538 ac0a8100
0000053c 00000000
00000540 00000000
00000544 00000000
00000548 00000000
00000600 ffffffff
00008000 f0f0f0f0
00008008 ffffffff
